(PID.TID 0000.0001) 
(PID.TID 0000.0001) // ======================================================
(PID.TID 0000.0001) //                      MITgcm UV
(PID.TID 0000.0001) //                      =========
(PID.TID 0000.0001) // ======================================================
(PID.TID 0000.0001) // execution environment starting up...
(PID.TID 0000.0001) 
(PID.TID 0000.0001) // MITgcmUV version:  checkpoint67c
(PID.TID 0000.0001) // Build user:        dmenemen
(PID.TID 0000.0001) // Build host:        r3i3n8
(PID.TID 0000.0001) // Build date:        Fri Jul 20 19:41:21 PDT 2018
(PID.TID 0000.0001) 
(PID.TID 0000.0001) // =======================================================
(PID.TID 0000.0001) // Execution Environment parameter file "eedata"
(PID.TID 0000.0001) // =======================================================
(PID.TID 0000.0001) ># Example "eedata" file
(PID.TID 0000.0001) ># Lines beginning "#" are comments
(PID.TID 0000.0001) ># nTx - No. threads per process in X
(PID.TID 0000.0001) ># nTy - No. threads per process in Y
(PID.TID 0000.0001) > &EEPARMS
(PID.TID 0000.0001) > useCubedSphereExchange=.TRUE.,
(PID.TID 0000.0001) > nTx=1,
(PID.TID 0000.0001) > nTy=1,
(PID.TID 0000.0001) ># debugMode=.TRUE.,
(PID.TID 0000.0001) > /
(PID.TID 0000.0001) ># Note: Some systems use & as the
(PID.TID 0000.0001) ># namelist terminator. Other systems
(PID.TID 0000.0001) ># use a / character (as shown here).
(PID.TID 0000.0001) 
(PID.TID 0000.0001) // =======================================================
(PID.TID 0000.0001) // Computational Grid Specification ( see files "SIZE.h" )
(PID.TID 0000.0001) //                                  ( and "eedata"       )
(PID.TID 0000.0001) // =======================================================
(PID.TID 0000.0001)      nPx =  118 ; /* No. processes in X */
(PID.TID 0000.0001)      nPy =    1 ; /* No. processes in Y */
(PID.TID 0000.0001)      nSx =    1 ; /* No. tiles in X per process */
(PID.TID 0000.0001)      nSy =    1 ; /* No. tiles in Y per process */
(PID.TID 0000.0001)      sNx =   90 ; /* Tile size in X */
(PID.TID 0000.0001)      sNy =   90 ; /* Tile size in Y */
(PID.TID 0000.0001)      OLx =    8 ; /* Tile overlap distance in X */
(PID.TID 0000.0001)      OLy =    8 ; /* Tile overlap distance in Y */
(PID.TID 0000.0001)      nTx =    1 ; /* No. threads in X per process */
(PID.TID 0000.0001)      nTy =    1 ; /* No. threads in Y per process */
(PID.TID 0000.0001)       Nr =  100 ; /* No. levels in the vertical   */
(PID.TID 0000.0001)       Nx =10620 ; /* Total domain size in X ( = nPx*nSx*sNx ) */
(PID.TID 0000.0001)       Ny =   90 ; /* Total domain size in Y ( = nPy*nSy*sNy ) */
(PID.TID 0000.0001)   nTiles =    1 ; /* Total no. tiles per process ( = nSx*nSy ) */
(PID.TID 0000.0001)   nProcs =  118 ; /* Total no. processes ( = nPx*nPy ) */
(PID.TID 0000.0001) nThreads =    1 ; /* Total no. threads per process ( = nTx*nTy ) */
(PID.TID 0000.0001) usingMPI =    T ; /* Flag used to control whether MPI is in use */
(PID.TID 0000.0001)                   /*  note: To execute a program with MPI calls */
(PID.TID 0000.0001)                   /*  it must be launched appropriately e.g     */
(PID.TID 0000.0001)                   /*  "mpirun -np 64 ......"                    */
(PID.TID 0000.0001) useCoupler=    F ;/* Flag used to control communications with   */
(PID.TID 0000.0001)                   /*  other model components, through a coupler */
(PID.TID 0000.0001) debugMode =    F ; /* print debug msg. (sequence of S/R calls)  */
(PID.TID 0000.0001) printMapIncludesZeros=    F ; /* print zeros in Std.Output maps */
(PID.TID 0000.0001) maxLengthPrt1D=   65 /* maxLength of 1D array printed to StdOut */
(PID.TID 0000.0001) 
(PID.TID 0000.0001) ======= Starting MPI parallel Run =========
(PID.TID 0000.0001)  My Processor Name (len:  6 ) = r3i3n8
(PID.TID 0000.0001)  Located at (  0,  0) on processor grid (0:117,0:  0)
(PID.TID 0000.0001)  Origin at  (     1,     1) on global grid (1: 10620,1:    90)
(PID.TID 0000.0001)  North neighbor = processor 0000
(PID.TID 0000.0001)  South neighbor = processor 0000
(PID.TID 0000.0001)   East neighbor = processor 0001
(PID.TID 0000.0001)   West neighbor = processor 0117
(PID.TID 0000.0001) // ======================================================
(PID.TID 0000.0001) // Mapping of tiles to threads
(PID.TID 0000.0001) // ======================================================
(PID.TID 0000.0001) // -o- Thread   1, tiles (   1:   1,   1:   1)
(PID.TID 0000.0001) 
(PID.TID 0000.0001) W2_READPARMS: opening data.exch2
(PID.TID 0000.0001)  OPEN_COPY_DATA_FILE: opening file data.exch2
(PID.TID 0000.0001) // =======================================================
(PID.TID 0000.0001) // Parameter file "data.exch2"
(PID.TID 0000.0001) // =======================================================
(PID.TID 0000.0001) ># EXCH2 Package: Wrapper-2 User Choice
(PID.TID 0000.0001) >#--------------------
(PID.TID 0000.0001) >#  preDefTopol   :: pre-defined Topology selector:
(PID.TID 0000.0001) >#                :: = 0 : topology defined from processing "data.exch2";
(PID.TID 0000.0001) >#                :: = 1 : simple, single facet topology;
(PID.TID 0000.0001) >#                :: = 2 : customized topology (w2_set_myown_facets)
(PID.TID 0000.0001) >#                :: = 3 : 6-facet Cube (3 face-dims: nRed, nGreen, nBlue).
(PID.TID 0000.0001) >#  dimsFacets    :: facet pair of dimensions (n1x,n1y, n2x,n2y ...)
(PID.TID 0000.0001) >#  facetEdgeLink :: Face-Edge connectivity map:
(PID.TID 0000.0001) >#    facetEdgeLink(i,j)=XX.1 : face(j)-edge(i) (i=1,2,3,4 <==> N,S,E,W)
(PID.TID 0000.0001) >#    is connected to Northern edge of face "XX" ; similarly,
(PID.TID 0000.0001) >#    = XX.2 : to Southern.E, XX.3 = Eastern.E, XX.4 = Western.E of face "XX"
(PID.TID 0000.0001) >#  blankList     :: List of "blank" tiles
(PID.TID 0000.0001) >#  W2_mapIO      :: global map IO selector (-1 = old type ; 0 = 1 long line in X
(PID.TID 0000.0001) >#                :: 1 = compact, mostly in Y dir)
(PID.TID 0000.0001) >#  W2_printMsg   :: option for information messages printing
(PID.TID 0000.0001) >#                :: <0 : write to log file ; =0 : minimum print ;
(PID.TID 0000.0001) >#                :: =1 : no duplicated print ; =2 : all processes do print
(PID.TID 0000.0001) >#--------------------
(PID.TID 0000.0001) > &W2_EXCH2_PARM01
(PID.TID 0000.0001) >  W2_printMsg= 0,
(PID.TID 0000.0001) >  W2_mapIO   = 1,
(PID.TID 0000.0001) >#
(PID.TID 0000.0001) >#-- 5 facets llc_270 topology (drop facet 6 and its connection):
(PID.TID 0000.0001) >  preDefTopol = 0,
(PID.TID 0000.0001) >  dimsFacets = 1080, 540, 0, 0, 0, 0, 0, 0, 540, 1080, 0, 0,
(PID.TID 0000.0001) >  facetEdgeLink(1,1)= 0. , 0. , 0. , 5.1,
(PID.TID 0000.0001) >  facetEdgeLink(1,2)= 0. , 0. , 0. , 0. ,
(PID.TID 0000.0001) >  facetEdgeLink(1,3)= 0. , 0. , 0. , 0. ,
(PID.TID 0000.0001) >  facetEdgeLink(1,4)= 0. , 0. , 0. , 0. ,
(PID.TID 0000.0001) >  facetEdgeLink(1,5)= 1.4, 0. , 0. , 0. ,
(PID.TID 0000.0001) >  blankList = 9, 10, 11, 12, 21, 22, 23, 24, 34, 35, 36, 46, 47, 48, 57, 58, 59, 60, 69, 70, 71, 72, 73, 74, 75, 79,
(PID.TID 0000.0001) > &
(PID.TID 0000.0001) 
(PID.TID 0000.0001) W2_READPARMS: finished reading data.exch2
(PID.TID 0000.0001) W2_useE2ioLayOut=    T ;/* T: use Exch2 glob IO map; F: use model default */
(PID.TID 0000.0001) W2_mapIO        =   1 ; /* select option for Exch2 global-IO map */
(PID.TID 0000.0001) W2_printMsg     =   0 ; /* select option for printing information */
(PID.TID 0000.0001) ===== Start setting W2 TOPOLOGY:
(PID.TID 0000.0001) W2_E2SETUP: number of Active Tiles =     118
(PID.TID 0000.0001) W2_E2SETUP: number of Blank Tiles  =      26
(PID.TID 0000.0001) W2_E2SETUP: Total number of Tiles  =     144
(PID.TID 0000.0001) W2_SET_GEN_FACETS: preDefTopol=  0 selected
(PID.TID 0000.0001) W2_SET_GEN_FACETS: Number of facets =  5 (inferred from "dimsFacets")
(PID.TID 0000.0001) W2_E2SETUP: Total number of Facets =       5
(PID.TID 0000.0001) W2_SET_F2F_INDEX: index matrix for connected Facet-Edges:
(PID.TID 0000.0001) ** WARNING ** N.Edge of facet #  1 disconnected (facet_link=  0.00)
(PID.TID 0000.0001) ** WARNING ** S.Edge of facet #  1 disconnected (facet_link=  0.00)
(PID.TID 0000.0001) ** WARNING ** E.Edge of facet #  1 disconnected (facet_link=  0.00)
(PID.TID 0000.0001) ** WARNING ** N.Edge of facet #  2 disconnected (facet_link=  0.00)
(PID.TID 0000.0001) ** WARNING ** S.Edge of facet #  2 disconnected (facet_link=  0.00)
(PID.TID 0000.0001) ** WARNING ** E.Edge of facet #  2 disconnected (facet_link=  0.00)
(PID.TID 0000.0001) ** WARNING ** W.Edge of facet #  2 disconnected (facet_link=  0.00)
(PID.TID 0000.0001) ** WARNING ** N.Edge of facet #  3 disconnected (facet_link=  0.00)
(PID.TID 0000.0001) ** WARNING ** S.Edge of facet #  3 disconnected (facet_link=  0.00)
(PID.TID 0000.0001) ** WARNING ** E.Edge of facet #  3 disconnected (facet_link=  0.00)
(PID.TID 0000.0001) ** WARNING ** W.Edge of facet #  3 disconnected (facet_link=  0.00)
(PID.TID 0000.0001) ** WARNING ** N.Edge of facet #  4 disconnected (facet_link=  0.00)
(PID.TID 0000.0001) ** WARNING ** S.Edge of facet #  4 disconnected (facet_link=  0.00)
(PID.TID 0000.0001) ** WARNING ** E.Edge of facet #  4 disconnected (facet_link=  0.00)
(PID.TID 0000.0001) ** WARNING ** W.Edge of facet #  4 disconnected (facet_link=  0.00)
(PID.TID 0000.0001) ** WARNING ** S.Edge of facet #  5 disconnected (facet_link=  0.00)
(PID.TID 0000.0001) ** WARNING ** E.Edge of facet #  5 disconnected (facet_link=  0.00)
(PID.TID 0000.0001) ** WARNING ** W.Edge of facet #  5 disconnected (facet_link=  0.00)
(PID.TID 0000.0001) W2_SET_MAP_TILES: tile mapping within facet and global Map:
(PID.TID 0000.0001)  W2_mapIO =  540 (=    6*sNx)
(PID.TID 0000.0001)  Global Map (IO): X-size=     540 , Y-size=    2160
(PID.TID 0000.0001) W2_SET_MAP_TILES: tile offset within facet and global Map:
- facet  1 : X-size=  1080 , Y-size=   540 ;   72 tiles (Tx,Ty=  12,   6)
- facet  2 : X-size=     0 , Y-size=     0 ;    0 tiles (Tx,Ty=   0,   0)
- facet  3 : X-size=     0 , Y-size=     0 ;    0 tiles (Tx,Ty=   0,   0)
- facet  4 : X-size=     0 , Y-size=     0 ;    0 tiles (Tx,Ty=   0,   0)
- facet  5 : X-size=   540 , Y-size=  1080 ;   72 tiles (Tx,Ty=   6,  12)
(PID.TID 0000.0001) W2_SET_MAP_CUMSUM: setting Facet Matrix for CUMUL-SUM
(PID.TID 0000.0001) W2_SET_MAP_CUMSUM: set    1 /   2 active facets (pass,type=   1, 3)
 Facet Matrix for CUMUL-SUM (nFacets=   5, nActive=   2 ):
- facet  1 :  0  0 ,  0  0 ,  0  0 ,  0  0 ,  0  0 ,
- facet  2 :  0  0 ,  0  0 ,  0  0 ,  0  0 ,  0  0 ,
- facet  3 :  0  0 ,  0  0 ,  0  0 ,  0  0 ,  0  0 ,
- facet  4 :  0  0 ,  0  0 ,  0  0 ,  0  0 ,  0  0 ,
- facet  5 :  0  1 ,  0  0 ,  0  0 ,  0  0 ,  0 -1 ,
 missing-corner Tile for CUMUL-SUM (nTiles=   144 ): W2_tMC1=    61 , W2_tMC2=     0
(PID.TID 0000.0001) W2_SET_MAP_CUMSUM: done (skip Tile Matrix setting)
(PID.TID 0000.0001) W2_SET_TILE2TILES: tile neighbours and index connection:
(PID.TID 0000.0001) current Max.Nb.Neighbours (e.g., on tile   13 ) =  4
(PID.TID 0000.0001) ===== W2 TILE TOPOLOGY =====
(PID.TID 0000.0001)  TILE:     1 (bi,bj=   1   1 ), Nb of Neighbours =  3
(PID.TID 0000.0001)     NEIGHBOUR  1 = TILE   13 (n=  2) Comm = MSG (PROC=    9)
(PID.TID 0000.0001)     NEIGHBOUR  2 = TILE    2 (n=  3) Comm = MSG (PROC=    2)
(PID.TID 0000.0001)     NEIGHBOUR  3 = TILE  144 (n=  1) Comm = MSG (PROC=  118)
(PID.TID 0000.0001) =====       setting W2 TOPOLOGY: Done
(PID.TID 0000.0001) 
(PID.TID 0000.0001)  INI_PARMS: opening model parameter file "data"
(PID.TID 0000.0001)  OPEN_COPY_DATA_FILE: opening file data
(PID.TID 0000.0001) // =======================================================
(PID.TID 0000.0001) // Parameter file "data"
(PID.TID 0000.0001) // =======================================================
(PID.TID 0000.0001) >### Data file with primary model parameters -----------------------------------
(PID.TID 0000.0001) >#
(PID.TID 0000.0001) >### Continuous equation parameters --------------------------------------------
(PID.TID 0000.0001) > &PARM01
(PID.TID 0000.0001) >## Reference temperatures and salinities for every vertical level.
(PID.TID 0000.0001) > tRef =  18.89, 18.89, 18.89, 18.89, 18.89, 18.87, 18.85, 18.82,
(PID.TID 0000.0001) >         18.80, 18.73, 18.63, 18.49, 18.28, 18.08, 17.86, 17.63,
(PID.TID 0000.0001) >         17.40, 17.18, 16.95, 16.73, 16.52, 16.31, 16.10, 15.89,
(PID.TID 0000.0001) >         15.69, 15.49, 15.28, 15.08, 14.88, 14.67, 14.47, 14.25,
(PID.TID 0000.0001) >         14.03, 13.80, 13.55, 13.29, 13.01, 12.73, 12.42, 12.11,
(PID.TID 0000.0001) >         11.78, 11.43, 11.07, 10.70, 10.31,  9.93,  9.53,  9.11,
(PID.TID 0000.0001) >          8.71,  8.29,  7.89,  7.51,  7.13,  6.78,  6.44,  6.11,
(PID.TID 0000.0001) >          5.81,  5.51,  5.23,  4.97,  4.73,  4.51,  4.30,  4.11,
(PID.TID 0000.0001) >          3.94,  3.78,  3.63,  3.50,  3.38,  3.25,  3.14,  3.04,
(PID.TID 0000.0001) >          2.94,  2.83,  2.74,  2.64,  2.54,  2.45,  2.36,  2.27,
(PID.TID 0000.0001) >          2.19,  2.10,  2.03,  1.95,  1.86,  1.78,  1.70,  1.63,
(PID.TID 0000.0001) >          1.55,  1.48,  1.41,  1.34,  1.27,  1.20,  1.13,  1.06,
(PID.TID 0000.0001) >          1.00,  0.96,  0.93,  0.91,
(PID.TID 0000.0001) > sRef =  34.84, 34.84, 34.84, 34.84, 34.84, 34.84, 34.85, 34.85,
(PID.TID 0000.0001) >         34.85, 34.86, 34.87, 34.88, 34.90, 34.91, 34.93, 34.95,
(PID.TID 0000.0001) >         34.96, 34.98, 34.99, 35.00, 35.01, 35.02, 35.03, 35.04,
(PID.TID 0000.0001) >         35.05, 35.06, 35.07, 35.07, 35.07, 35.07, 35.07, 35.07,
(PID.TID 0000.0001) >         35.07, 35.06, 35.05, 35.04, 35.03, 35.02, 35.01, 34.99,
(PID.TID 0000.0001) >         34.97, 34.95, 34.92, 34.90, 34.87, 34.84, 34.81, 34.78,
(PID.TID 0000.0001) >         34.75, 34.72, 34.69, 34.67, 34.65, 34.62, 34.61, 34.60,
(PID.TID 0000.0001) >         34.59, 34.59, 34.58, 34.59, 34.59, 34.60, 34.60, 34.61,
(PID.TID 0000.0001) >         34.62, 34.63, 34.64, 34.65, 34.66, 34.67, 34.67, 34.68,
(PID.TID 0000.0001) >         34.69, 34.70, 34.71, 34.71, 34.72, 34.72, 34.73, 34.73,
(PID.TID 0000.0001) >         34.73, 34.74, 34.74, 34.74, 34.74, 34.75, 34.74, 34.74,
(PID.TID 0000.0001) >         34.74, 34.74, 34.74, 34.74, 34.74, 34.74, 34.73, 34.73,
(PID.TID 0000.0001) >         34.73, 34.73, 34.73, 34.73,
(PID.TID 0000.0001) > rhonil        = 1029.,
(PID.TID 0000.0001) > rhoConstFresh = 1000.,
(PID.TID 0000.0001) > eosType = 'JMD95Z',
(PID.TID 0000.0001) >#
(PID.TID 0000.0001) >## Various prescriptions for viscosity and diffusivity.
(PID.TID 0000.0001) > viscAr     = 5.e-04,
(PID.TID 0000.0001) > viscA4Grid = 0.0,
(PID.TID 0000.0001) > diffKhT    = 0.E0,
(PID.TID 0000.0001) > diffKhS    = 0.E0,
(PID.TID 0000.0001) > diffK4T    = 0.E10,
(PID.TID 0000.0001) > diffK4S    = 0.E10,
(PID.TID 0000.0001) > diffKrT    = 1.0e-5,
(PID.TID 0000.0001) > diffKrS    = 1.0e-5,
(PID.TID 0000.0001) > bottomDragQuadratic = 0.002,
(PID.TID 0000.0001) > no_slip_sides     = .TRUE.,
(PID.TID 0000.0001) > no_slip_bottom    = .TRUE.,
(PID.TID 0000.0001) > implicitDiffusion = .TRUE.,
(PID.TID 0000.0001) > implicitViscosity = .TRUE.,
(PID.TID 0000.0001) ># horizontal momentum closure
(PID.TID 0000.0001) > viscC4Leith   = 2.0,
(PID.TID 0000.0001) > viscC4Leithd  = 2.0,
(PID.TID 0000.0001) > viscA4GridMax = 0.8,
(PID.TID 0000.0001) >#
(PID.TID 0000.0001) >## Parameters that control numerical methods like advection schemes and
(PID.TID 0000.0001) >#  treatment of the free-surface.
(PID.TID 0000.0001) > tempAdvScheme = 7,
(PID.TID 0000.0001) > saltAdvScheme = 7,
(PID.TID 0000.0001) > implicitFreeSurface     = .TRUE.,
(PID.TID 0000.0001) > staggerTimeStep         = .TRUE.,
(PID.TID 0000.0001) > exactConserv            = .TRUE.,
(PID.TID 0000.0001) > vectorInvariantMomentum = .TRUE.,
(PID.TID 0000.0001) > useAreaViscLength       = .TRUE.,
(PID.TID 0000.0001) > highOrderVorticity      = .TRUE.,
(PID.TID 0000.0001) > multiDimAdvection       = .TRUE.,
(PID.TID 0000.0001) >#
(PID.TID 0000.0001) >## These parameters seem to be associated with the external forcing.
(PID.TID 0000.0001) > convertFW2Salt = -1.,
(PID.TID 0000.0001) > temp_EvPrRn    =  0.,
(PID.TID 0000.0001) > useRealFreshWaterFlux = .FALSE.,
(PID.TID 0000.0001) > allowFreezing         = .FALSE.,
(PID.TID 0000.0001) >#
(PID.TID 0000.0001) >## Parameters associated with bathymetry specification.
(PID.TID 0000.0001) > hFacMin   = 0.2,
(PID.TID 0000.0001) > hFacMinDr = 5.,
(PID.TID 0000.0001) >#
(PID.TID 0000.0001) >## Parameters for reading, writing, and misc numerical details.
(PID.TID 0000.0001) > globalFiles     = .TRUE.,
(PID.TID 0000.0001) > useSingleCpuIO  = .TRUE.,
(PID.TID 0000.0001) > readBinaryPrec  = 32,
(PID.TID 0000.0001) > writeBinaryPrec = 32,
(PID.TID 0000.0001) > debuglevel      = 2,
(PID.TID 0000.0001) >#
(PID.TID 0000.0001) >## Unused parameters.
(PID.TID 0000.0001) ># gravity = 9.81,
(PID.TID 0000.0001) ># viscA4Grid = 2.0E-3,
(PID.TID 0000.0001) ># viscAhGrid = 2.5E-4,
(PID.TID 0000.0001) ># bottomDraglinear    = 1.E-3,
(PID.TID 0000.0001) ># Note: nonlinFreeSurf=1 with rStar=0 breaks the code.
(PID.TID 0000.0001) ># nonlinFreeSurf = 4,
(PID.TID 0000.0001) ># select_rStar   = 1,
(PID.TID 0000.0001) ># hFacInf   = 0.1,
(PID.TID 0000.0001) ># hFacSup   = 5.,
(PID.TID 0000.0001) ># implicSurfPress = 0.6,
(PID.TID 0000.0001) ># implicDiv2DFlow = 0.6,
(PID.TID 0000.0001) ># useSingleCpuInput = .TRUE.,
(PID.TID 0000.0001) ># set to eccov4, make sure minbathy=20m first
(PID.TID 0000.0001) ># debuglevel = -1,
(PID.TID 0000.0001) ># useJamartWetPoints = .TRUE.,
(PID.TID 0000.0001) ># writeBinaryPrec=64,
(PID.TID 0000.0001) > /
(PID.TID 0000.0001) >### Elliptic solver parameters ------------------------------------------------
(PID.TID 0000.0001) > &PARM02
(PID.TID 0000.0001) > cg2dMaxIters       = 1000,
(PID.TID 0000.0001) ># cg2dTargetResidual = 1.E-8,
(PID.TID 0000.0001) > cg2dTargetResWunit = 1e-18,
(PID.TID 0000.0001) >#
(PID.TID 0000.0001) >#cg2dMaxIters       = 100,
(PID.TID 0000.0001) >#cg2dTargetResidual = 1.E-5,
(PID.TID 0000.0001) > &
(PID.TID 0000.0001) >### Time stepping parameters --------------------------------------------------
(PID.TID 0000.0001) > &PARM03
(PID.TID 0000.0001) > deltaT      =    240.,
(PID.TID 0000.0001) > nIter0      =  0,
(PID.TID 0000.0001) > nTimeSteps  =  15,
(PID.TID 0000.0001) > pChkptFreq  = 864000.,
(PID.TID 0000.0001) > monitorFreq =   240.,
(PID.TID 0000.0001) > abEps       = 0.1,
(PID.TID 0000.0001) >## It is unclear what these specify.
(PID.TID 0000.0001) > pickupStrictlyMatch = .FALSE.,
(PID.TID 0000.0001) > forcing_In_AB       = .FALSE.,
(PID.TID 0000.0001) > momDissip_In_AB     = .FALSE.,
(PID.TID 0000.0001) > dumpInitAndLast     = .FALSE.,
(PID.TID 0000.0001) > /
(PID.TID 0000.0001) >### Gridding parameters -------------------------------------------------------
(PID.TID 0000.0001) > &PARM04
(PID.TID 0000.0001) >## When using a curvilinear grid, only the vertical grid is specified.
(PID.TID 0000.0001) > usingCurvilinearGrid = .TRUE.,
(PID.TID 0000.0001) >## Specify the height of each vertical level.
(PID.TID 0000.0001) > delR =   5.00,   5.00,   5.00,   5.00,   5.00,   5.00,   5.00,   5.00,   5.00,
(PID.TID 0000.0001) >          5.00,   5.00,   5.00,   5.00,   5.00,   5.00,   5.01,   5.01,   5.02,
(PID.TID 0000.0001) >          5.04,   5.07,   5.12,   5.20,   5.31,   5.49,   5.72,   6.04,   6.45,
(PID.TID 0000.0001) >          6.97,   7.62,   8.42,   9.36,  10.46,  11.72,  13.13,  14.70,  16.40,
(PID.TID 0000.0001) >         18.24,  20.18,  22.21,  24.29,  26.43,  28.57,  30.71,  32.79,  34.82,
(PID.TID 0000.0001) >         36.76,  38.60,  40.30,  41.87,  43.28,  44.54,  45.64,  46.58,  47.38,
(PID.TID 0000.0001) >         48.03,  48.55,  48.96,  49.29,  49.53,  49.72,  49.90,  50.11,  50.41,
(PID.TID 0000.0001) >         50.92,  51.69,  52.87,  54.54,  56.79,  59.67,  63.16,  67.26,  71.83,
(PID.TID 0000.0001) >         76.83,  82.11,  87.61,  93.22,  98.91, 104.64, 110.38, 116.12, 121.87,
(PID.TID 0000.0001) >        127.63, 133.38, 139.12, 144.87, 150.63, 156.38, 162.12, 167.87, 173.63,
(PID.TID 0000.0001) >        179.38, 185.12, 190.87, 196.63, 202.38, 208.12, 213.87, 219.63, 225.38,
(PID.TID 0000.0001) >        231.12,
(PID.TID 0000.0001) > /
(PID.TID 0000.0001) ># -----------------------------------------------------------------------------
(PID.TID 0000.0001) >### Bathymetry files and initial condition files
(PID.TID 0000.0001) > &PARM05
(PID.TID 0000.0001) > bathyFile       = 'bathy.bin',
(PID.TID 0000.0001) > hydrogThetaFile = 'T0_2160x540x100.bin',
(PID.TID 0000.0001) > hydrogSaltFile  = 'S0_2160x540x100.bin',
(PID.TID 0000.0001) > uVelInitFile    = 'U0_2160x540x100.bin',
(PID.TID 0000.0001) > vVelInitFile    = 'V0_2160x540x100.bin',
(PID.TID 0000.0001) ># diffKrFile  = 'diffkr_basin_v1m9EfC_llc1080.bin',
(PID.TID 0000.0001) ># viscA4Dfile = 'visc3DblendfromrunobcsCdiv1e6_08Mar2016_aste2160.bin',
(PID.TID 0000.0001) ># viscA4Zfile = 'visc3DblendfromrunobcsCdiv1e6_08Mar2016_aste2160.bin',
(PID.TID 0000.0001) > /
(PID.TID 0000.0001) 
(PID.TID 0000.0001)  INI_PARMS ; starts to read PARM01
(PID.TID 0000.0001)  INI_PARMS ; read PARM01 : OK
(PID.TID 0000.0001)  INI_PARMS ; starts to read PARM02
(PID.TID 0000.0001)  INI_PARMS ; read PARM02 : OK
(PID.TID 0000.0001)  INI_PARMS ; starts to read PARM03
(PID.TID 0000.0001)  INI_PARMS ; read PARM03 : OK
(PID.TID 0000.0001)  INI_PARMS ; starts to read PARM04
(PID.TID 0000.0001)  INI_PARMS ; read PARM04 : OK
(PID.TID 0000.0001)  INI_PARMS ; starts to read PARM05
(PID.TID 0000.0001)  INI_PARMS ; read PARM05 : OK
(PID.TID 0000.0001)  INI_PARMS: finished reading file "data"
(PID.TID 0000.0001)  PACKAGES_BOOT: opening data.pkg
(PID.TID 0000.0001)  OPEN_COPY_DATA_FILE: opening file data.pkg
(PID.TID 0000.0001) // =======================================================
(PID.TID 0000.0001) // Parameter file "data.pkg"
(PID.TID 0000.0001) // =======================================================
(PID.TID 0000.0001) ># Packages
(PID.TID 0000.0001) > &PACKAGES
(PID.TID 0000.0001) > useCAL         = .TRUE.,
(PID.TID 0000.0001) > useEXF         = .TRUE.,
(PID.TID 0000.0001) > useKPP         = .TRUE.,
(PID.TID 0000.0001) > useDiagnostics = .TRUE.,
(PID.TID 0000.0001) > useOBCS        = .TRUE.,
(PID.TID 0000.0001) ># useProfiles=.TRUE.,
(PID.TID 0000.0001) > /
(PID.TID 0000.0001) 
(PID.TID 0000.0001)  PACKAGES_BOOT: finished reading data.pkg
(PID.TID 0000.0001)  PACKAGES_BOOT: On/Off package Summary
 --------  pkgs with a standard "usePKG" On/Off switch in "data.pkg":  --------
 pkg/obcs                 compiled   and   used ( useOBCS                  = T )
 pkg/kpp                  compiled   and   used ( useKPP                   = T )
 pkg/cal                  compiled   and   used ( useCAL                   = T )
 pkg/exf                  compiled   and   used ( useEXF                   = T )
 pkg/diagnostics          compiled   and   used ( useDiagnostics           = T )
 -------- pkgs without standard "usePKG" On/Off switch in "data.pkg":  --------
 pkg/generic_advdiff      compiled   and   used ( useGAD                   = T )
 pkg/mom_common           compiled   and   used ( momStepping              = T )
 pkg/mom_vecinv           compiled   and   used ( +vectorInvariantMomentum = T )
 pkg/monitor              compiled   and   used ( monitorFreq > 0.         = T )
 pkg/debug                compiled but not used ( debugMode                = F )
 pkg/exch2                compiled   and   used
 pkg/rw                   compiled   and   used
 pkg/mdsio                compiled   and   used
(PID.TID 0000.0001)  PACKAGES_BOOT: End of package Summary
(PID.TID 0000.0001) 
(PID.TID 0000.0001) CAL_READPARMS: opening data.cal
(PID.TID 0000.0001)  OPEN_COPY_DATA_FILE: opening file data.cal
(PID.TID 0000.0001) // =======================================================
(PID.TID 0000.0001) // Parameter file "data.cal"
(PID.TID 0000.0001) // =======================================================
(PID.TID 0000.0001) >#
(PID.TID 0000.0001) ># *******************
(PID.TID 0000.0001) ># Calendar Parameters
(PID.TID 0000.0001) ># *******************
(PID.TID 0000.0001) > &CAL_NML
(PID.TID 0000.0001) > TheCalendar='gregorian',
(PID.TID 0000.0001) > startDate_1=20030101,
(PID.TID 0000.0001) > startDate_2=000000,
(PID.TID 0000.0001) > calendarDumps = .TRUE.,
(PID.TID 0000.0001) > &
(PID.TID 0000.0001) 
(PID.TID 0000.0001) CAL_READPARMS: finished reading data.cal
(PID.TID 0000.0001) EXF_READPARMS: opening data.exf
(PID.TID 0000.0001)  OPEN_COPY_DATA_FILE: opening file data.exf
(PID.TID 0000.0001) // =======================================================
(PID.TID 0000.0001) // Parameter file "data.exf"
(PID.TID 0000.0001) // =======================================================
(PID.TID 0000.0001) ># *********************
(PID.TID 0000.0001) ># External Forcing Data
(PID.TID 0000.0001) ># *********************
(PID.TID 0000.0001) >#
(PID.TID 0000.0001) > &EXF_NML_01
(PID.TID 0000.0001) >#
(PID.TID 0000.0001) > useAtmWind        = .TRUE.,
(PID.TID 0000.0001) >#
(PID.TID 0000.0001) >#TO COMBINE WITH ALLOW_ZENITH_ANGLE:
(PID.TID 0000.0001) ># exf_albedo        = 0.1,
(PID.TID 0000.0001) ># useExfZenIncoming = .TRUE.,
(PID.TID 0000.0001) ># select_ZenAlbedo  = 1,
(PID.TID 0000.0001) >##
(PID.TID 0000.0001) ># ocean_emissivity = 0.97,
(PID.TID 0000.0001) ># ice_emissivity = 0.95,
(PID.TID 0000.0001) ># snow_emissivity = 0.95,
(PID.TID 0000.0001) >#
(PID.TID 0000.0001) ># exf_albedo        = 0.1556,
(PID.TID 0000.0001) > exf_albedo        = 0.1,
(PID.TID 0000.0001) > exf_scal_BulkCdn  = 0.9997,
(PID.TID 0000.0001) > exf_iprec         = 32,
(PID.TID 0000.0001) > exf_iprec_obcs    = 32,
(PID.TID 0000.0001) > exf_yftype        = 'RL',
(PID.TID 0000.0001) > useExfYearlyFields= .TRUE.,
(PID.TID 0000.0001) > useExfCheckRange  = .FALSE.,
(PID.TID 0000.0001) > useRelativeWind   = .TRUE.,
(PID.TID 0000.0001) > &
(PID.TID 0000.0001) >#
(PID.TID 0000.0001) > &EXF_NML_02
(PID.TID 0000.0001) > precipfile        = 'jra55/jra55_rain',
(PID.TID 0000.0001) > atempfile         = 'jra55/jra55_tmp2m_degC',
(PID.TID 0000.0001) > aqhfile           = 'jra55/jra55_spfh2m',
(PID.TID 0000.0001) > swdownfile        = 'jra55/jra55_dsw',
(PID.TID 0000.0001) > lwdownfile        = 'jra55/jra55_dlw',
(PID.TID 0000.0001) > apressurefile     = 'jra55/jra55_pres',
(PID.TID 0000.0001) > tidePotfile       = 'jra55/tide',
(PID.TID 0000.0001) > uwindfile         = 'jra55/jra55_u10m',
(PID.TID 0000.0001) > vwindfile         = 'jra55/jra55_v10m',
(PID.TID 0000.0001) > runofffile        = 'runoff1p2472-360x180x12.bin',
(PID.TID 0000.0001) >#
(PID.TID 0000.0001) > precipstartdate1  = 19790101,
(PID.TID 0000.0001) > precipstartdate2  = 013000,
(PID.TID 0000.0001) > precipperiod      = 10800.0,
(PID.TID 0000.0001) > atempstartdate1   = 19790101,
(PID.TID 0000.0001) > atempstartdate2   = 000000,
(PID.TID 0000.0001) > atempperiod       = 10800.0,
(PID.TID 0000.0001) > aqhstartdate1     = 19790101,
(PID.TID 0000.0001) > aqhstartdate2     = 000000,
(PID.TID 0000.0001) > aqhperiod         = 10800.0,
(PID.TID 0000.0001) > swdownstartdate1  = 19790101,
(PID.TID 0000.0001) > swdownstartdate2  = 013000,
(PID.TID 0000.0001) > swdownperiod      = 10800.0,
(PID.TID 0000.0001) > lwdownstartdate1  = 19790101,
(PID.TID 0000.0001) > lwdownstartdate2  = 013000,
(PID.TID 0000.0001) > lwdownperiod      = 10800.0,
(PID.TID 0000.0001) > apressurestartdate1  = 19790101,
(PID.TID 0000.0001) > apressurestartdate2  = 000000,
(PID.TID 0000.0001) > apressureperiod      = 10800.0,
(PID.TID 0000.0001) > tidePotstartdate1  = 19790101,
(PID.TID 0000.0001) > tidePotstartdate2  = 003000,
(PID.TID 0000.0001) > tidePotperiod      = 3600.0,
(PID.TID 0000.0001) > uwindstartdate1   = 19790101,
(PID.TID 0000.0001) > uwindstartdate2   = 000000,
(PID.TID 0000.0001) > uwindperiod       = 10800.0,
(PID.TID 0000.0001) > vwindstartdate1   = 19790101,
(PID.TID 0000.0001) > vwindstartdate2   = 000000,
(PID.TID 0000.0001) > vwindperiod       = 10800.0,
(PID.TID 0000.0001) ># "*period=-12" specifies monthly-mean forcing
(PID.TID 0000.0001) > runoffperiod      = -12,
(PID.TID 0000.0001) > &
(PID.TID 0000.0001) >#
(PID.TID 0000.0001) > &EXF_NML_03
(PID.TID 0000.0001) > exf_offset_atemp  = 273.15,
(PID.TID 0000.0001) > exf_inscal_swdown = -1.,
(PID.TID 0000.0001) > exf_inscal_lwdown = -1.,
(PID.TID 0000.0001) ># 1/365/24/3600 yr/s conversion, runoff [m/yr --> m/s]
(PID.TID 0000.0001) > exf_inscal_runoff = 3.1710e-08,
(PID.TID 0000.0001) ># divide by rhonil (1029 kg/m^3) to convert from Pa to m^2/s^2
(PID.TID 0000.0001) > exf_inscal_tidePot = .00097181729834791059,
(PID.TID 0000.0001) > &
(PID.TID 0000.0001) >#
(PID.TID 0000.0001) > &EXF_NML_04
(PID.TID 0000.0001) >#if in global lat/lon, need interp, comment out runoff_interpMethod
(PID.TID 0000.0001) >#if already in aste compact format, set runoff_interpMethod=0
(PID.TID 0000.0001) ># runoff_interpMethod = 0,
(PID.TID 0000.0001) >#
(PID.TID 0000.0001) > precip_lon0       = 0.0D0,
(PID.TID 0000.0001) > precip_lon_inc    = 0.5625D0,
(PID.TID 0000.0001) > precip_lat0       = -89.57009D0,
(PID.TID 0000.0001) > precip_lat_inc    = 0.556914D0, 0.560202D0, 0.560946D0, 0.561227D0, 0.561363D0,
(PID.TID 0000.0001) >                     0.561440D0, 0.561487D0, 0.561518D0, 0.561539D0, 0.561554D0,
(PID.TID 0000.0001) >                     0.561566D0, 0.561575D0, 0.561582D0, 0.561587D0, 0.561592D0,
(PID.TID 0000.0001) >                     289*0.561619268965519,
(PID.TID 0000.0001) >                     0.561592D0, 0.561587D0, 0.561582D0, 0.561575D0, 0.561566D0,
(PID.TID 0000.0001) >                     0.561554D0, 0.561539D0, 0.561518D0, 0.561487D0, 0.561440D0,
(PID.TID 0000.0001) >                     0.561363D0, 0.561227D0, 0.560946D0, 0.560202D0, 0.556914D0,
(PID.TID 0000.0001) > precip_nlon       = 640,
(PID.TID 0000.0001) > precip_nlat       = 320,
(PID.TID 0000.0001) >#
(PID.TID 0000.0001) > atemp_lon0        = 0.0D0,
(PID.TID 0000.0001) > atemp_lon_inc     = 0.5625D0,
(PID.TID 0000.0001) > atemp_lat0        = -89.57009D0,
(PID.TID 0000.0001) > atemp_lat_inc     = 0.556914D0, 0.560202D0, 0.560946D0, 0.561227D0, 0.561363D0,
(PID.TID 0000.0001) >                     0.561440D0, 0.561487D0, 0.561518D0, 0.561539D0, 0.561554D0,
(PID.TID 0000.0001) >                     0.561566D0, 0.561575D0, 0.561582D0, 0.561587D0, 0.561592D0,
(PID.TID 0000.0001) >                     289*0.561619268965519,
(PID.TID 0000.0001) >                     0.561592D0, 0.561587D0, 0.561582D0, 0.561575D0, 0.561566D0,
(PID.TID 0000.0001) >                     0.561554D0, 0.561539D0, 0.561518D0, 0.561487D0, 0.561440D0,
(PID.TID 0000.0001) >                     0.561363D0, 0.561227D0, 0.560946D0, 0.560202D0, 0.556914D0,
(PID.TID 0000.0001) > atemp_nlon        = 640,
(PID.TID 0000.0001) > atemp_nlat        = 320,
(PID.TID 0000.0001) >#
(PID.TID 0000.0001) > aqh_lon0          = 0.0D0,
(PID.TID 0000.0001) > aqh_lon_inc       = 0.5625D0,
(PID.TID 0000.0001) > aqh_lat0          = -89.57009D0,
(PID.TID 0000.0001) > aqh_lat_inc       = 0.556914D0, 0.560202D0, 0.560946D0, 0.561227D0, 0.561363D0,
(PID.TID 0000.0001) >                     0.561440D0, 0.561487D0, 0.561518D0, 0.561539D0, 0.561554D0,
(PID.TID 0000.0001) >                     0.561566D0, 0.561575D0, 0.561582D0, 0.561587D0, 0.561592D0,
(PID.TID 0000.0001) >                     289*0.561619268965519,
(PID.TID 0000.0001) >                     0.561592D0, 0.561587D0, 0.561582D0, 0.561575D0, 0.561566D0,
(PID.TID 0000.0001) >                     0.561554D0, 0.561539D0, 0.561518D0, 0.561487D0, 0.561440D0,
(PID.TID 0000.0001) >                     0.561363D0, 0.561227D0, 0.560946D0, 0.560202D0, 0.556914D0,
(PID.TID 0000.0001) > aqh_nlon          = 640,
(PID.TID 0000.0001) > aqh_nlat          = 320,
(PID.TID 0000.0001) >#
(PID.TID 0000.0001) > swdown_lon0       = 0.0D0,
(PID.TID 0000.0001) > swdown_lon_inc    = 0.5625D0,
(PID.TID 0000.0001) > swdown_lat0       = -89.57009D0,
(PID.TID 0000.0001) > swdown_lat_inc    = 0.556914D0, 0.560202D0, 0.560946D0, 0.561227D0, 0.561363D0,
(PID.TID 0000.0001) >                     0.561440D0, 0.561487D0, 0.561518D0, 0.561539D0, 0.561554D0,
(PID.TID 0000.0001) >                     0.561566D0, 0.561575D0, 0.561582D0, 0.561587D0, 0.561592D0,
(PID.TID 0000.0001) >                     289*0.561619268965519,
(PID.TID 0000.0001) >                     0.561592D0, 0.561587D0, 0.561582D0, 0.561575D0, 0.561566D0,
(PID.TID 0000.0001) >                     0.561554D0, 0.561539D0, 0.561518D0, 0.561487D0, 0.561440D0,
(PID.TID 0000.0001) >                     0.561363D0, 0.561227D0, 0.560946D0, 0.560202D0, 0.556914D0,
(PID.TID 0000.0001) > swdown_nlon       = 640,
(PID.TID 0000.0001) > swdown_nlat       = 320,
(PID.TID 0000.0001) >#
(PID.TID 0000.0001) > lwdown_lon0       = 0.0D0,
(PID.TID 0000.0001) > lwdown_lon_inc    = 0.5625D0,
(PID.TID 0000.0001) > lwdown_lat0       = -89.57009D0,
(PID.TID 0000.0001) > lwdown_lat_inc    = 0.556914D0, 0.560202D0, 0.560946D0, 0.561227D0, 0.561363D0,
(PID.TID 0000.0001) >                     0.561440D0, 0.561487D0, 0.561518D0, 0.561539D0, 0.561554D0,
(PID.TID 0000.0001) >                     0.561566D0, 0.561575D0, 0.561582D0, 0.561587D0, 0.561592D0,
(PID.TID 0000.0001) >                     289*0.561619268965519,
(PID.TID 0000.0001) >                     0.561592D0, 0.561587D0, 0.561582D0, 0.561575D0, 0.561566D0,
(PID.TID 0000.0001) >                     0.561554D0, 0.561539D0, 0.561518D0, 0.561487D0, 0.561440D0,
(PID.TID 0000.0001) >                     0.561363D0, 0.561227D0, 0.560946D0, 0.560202D0, 0.556914D0,
(PID.TID 0000.0001) > lwdown_nlon       = 640,
(PID.TID 0000.0001) > lwdown_nlat       = 320,
(PID.TID 0000.0001) >#
(PID.TID 0000.0001) > apressure_lon0       = 0.0D0,
(PID.TID 0000.0001) > apressure_lon_inc    = 0.5625D0,
(PID.TID 0000.0001) > apressure_lat0       = -89.57009D0,
(PID.TID 0000.0001) > apressure_lat_inc    = 0.556914D0, 0.560202D0, 0.560946D0, 0.561227D0, 0.561363D0,
(PID.TID 0000.0001) >                     0.561440D0, 0.561487D0, 0.561518D0, 0.561539D0, 0.561554D0,
(PID.TID 0000.0001) >                     0.561566D0, 0.561575D0, 0.561582D0, 0.561587D0, 0.561592D0,
(PID.TID 0000.0001) >                     289*0.561619268965519,
(PID.TID 0000.0001) >                     0.561592D0, 0.561587D0, 0.561582D0, 0.561575D0, 0.561566D0,
(PID.TID 0000.0001) >                     0.561554D0, 0.561539D0, 0.561518D0, 0.561487D0, 0.561440D0,
(PID.TID 0000.0001) >                     0.561363D0, 0.561227D0, 0.560946D0, 0.560202D0, 0.556914D0,
(PID.TID 0000.0001) > apressure_nlon       = 640,
(PID.TID 0000.0001) > apressure_nlat       = 320,
(PID.TID 0000.0001) >#
(PID.TID 0000.0001) > tidePot_lon0       = 0.0D0,
(PID.TID 0000.0001) > tidePot_lon_inc    = 0.5625D0,
(PID.TID 0000.0001) > tidePot_lat0       = -89.57009D0,
(PID.TID 0000.0001) > tidePot_lat_inc    = 0.556914D0, 0.560202D0, 0.560946D0, 0.561227D0, 0.561363D0,
(PID.TID 0000.0001) >                     0.561440D0, 0.561487D0, 0.561518D0, 0.561539D0, 0.561554D0,
(PID.TID 0000.0001) >                     0.561566D0, 0.561575D0, 0.561582D0, 0.561587D0, 0.561592D0,
(PID.TID 0000.0001) >                     289*0.561619268965519,
(PID.TID 0000.0001) >                     0.561592D0, 0.561587D0, 0.561582D0, 0.561575D0, 0.561566D0,
(PID.TID 0000.0001) >                     0.561554D0, 0.561539D0, 0.561518D0, 0.561487D0, 0.561440D0,
(PID.TID 0000.0001) >                     0.561363D0, 0.561227D0, 0.560946D0, 0.560202D0, 0.556914D0,
(PID.TID 0000.0001) > tidePot_nlon       = 640,
(PID.TID 0000.0001) > tidePot_nlat       = 320,
(PID.TID 0000.0001) >#
(PID.TID 0000.0001) > uwind_lon0        = 0.0D0,
(PID.TID 0000.0001) > uwind_lon_inc     = 0.5625D0,
(PID.TID 0000.0001) > uwind_lat0        = -89.57009D0,
(PID.TID 0000.0001) > uwind_lat_inc     = 0.556914D0, 0.560202D0, 0.560946D0, 0.561227D0, 0.561363D0,
(PID.TID 0000.0001) >                     0.561440D0, 0.561487D0, 0.561518D0, 0.561539D0, 0.561554D0,
(PID.TID 0000.0001) >                     0.561566D0, 0.561575D0, 0.561582D0, 0.561587D0, 0.561592D0,
(PID.TID 0000.0001) >                     289*0.561619268965519,
(PID.TID 0000.0001) >                     0.561592D0, 0.561587D0, 0.561582D0, 0.561575D0, 0.561566D0,
(PID.TID 0000.0001) >                     0.561554D0, 0.561539D0, 0.561518D0, 0.561487D0, 0.561440D0,
(PID.TID 0000.0001) >                     0.561363D0, 0.561227D0, 0.560946D0, 0.560202D0, 0.556914D0,
(PID.TID 0000.0001) > uwind_nlon        = 640,
(PID.TID 0000.0001) > uwind_nlat        = 320,
(PID.TID 0000.0001) >#
(PID.TID 0000.0001) > vwind_lon0        = 0.0D0,
(PID.TID 0000.0001) > vwind_lon_inc     = 0.5625D0,
(PID.TID 0000.0001) > vwind_lat0        = -89.57009D0,
(PID.TID 0000.0001) > vwind_lat_inc     = 0.556914D0, 0.560202D0, 0.560946D0, 0.561227D0, 0.561363D0,
(PID.TID 0000.0001) >                     0.561440D0, 0.561487D0, 0.561518D0, 0.561539D0, 0.561554D0,
(PID.TID 0000.0001) >                     0.561566D0, 0.561575D0, 0.561582D0, 0.561587D0, 0.561592D0,
(PID.TID 0000.0001) >                     289*0.561619268965519,
(PID.TID 0000.0001) >                     0.561592D0, 0.561587D0, 0.561582D0, 0.561575D0, 0.561566D0,
(PID.TID 0000.0001) >                     0.561554D0, 0.561539D0, 0.561518D0, 0.561487D0, 0.561440D0,
(PID.TID 0000.0001) >                     0.561363D0, 0.561227D0, 0.560946D0, 0.560202D0, 0.556914D0,
(PID.TID 0000.0001) > vwind_nlon        = 640,
(PID.TID 0000.0001) > vwind_nlat        = 320,
(PID.TID 0000.0001) >#
(PID.TID 0000.0001) > runoff_lon0       = 0.50D0,
(PID.TID 0000.0001) > runoff_lon_inc    = 1.0D0,
(PID.TID 0000.0001) > runoff_lat0       = -89.5D0,
(PID.TID 0000.0001) > runoff_lat_inc    = 179*1.,
(PID.TID 0000.0001) > runoff_nlon       = 360,
(PID.TID 0000.0001) > runoff_nlat       = 180,
(PID.TID 0000.0001) > &
(PID.TID 0000.0001) >#
(PID.TID 0000.0001) > &EXF_NML_OBCS
(PID.TID 0000.0001) >  obcsSstartdate1   = 20021215,
(PID.TID 0000.0001) >  obcsSstartdate2   = 060000,
(PID.TID 0000.0001) >  obcsSperiod       = 2629800.0,
(PID.TID 0000.0001) >#
(PID.TID 0000.0001) >  obcsNstartdate1   = 20021215,
(PID.TID 0000.0001) >  obcsNstartdate2   = 060000,
(PID.TID 0000.0001) >  obcsNperiod       = 2629800.0,
(PID.TID 0000.0001) >#
(PID.TID 0000.0001) >  obcsEstartdate1   = 20021215,
(PID.TID 0000.0001) >  obcsEstartdate2   = 060000,
(PID.TID 0000.0001) >  obcsEperiod       = 2629800.0,
(PID.TID 0000.0001) >#
(PID.TID 0000.0001) >  obcsWstartdate1   = 20021215,
(PID.TID 0000.0001) >  obcsWstartdate2   = 060000,
(PID.TID 0000.0001) >  obcsWperiod       = 2629800.0,
(PID.TID 0000.0001) > &
(PID.TID 0000.0001) 
(PID.TID 0000.0001) EXF_READPARMS: reading EXF_NML_01
(PID.TID 0000.0001) EXF_READPARMS: reading EXF_NML_02
(PID.TID 0000.0001) EXF_READPARMS: reading EXF_NML_03
(PID.TID 0000.0001) EXF_READPARMS: reading EXF_NML_04
(PID.TID 0000.0001) EXF_READPARMS: reading EXF_NML_OBCS
(PID.TID 0000.0001) EXF_READPARMS: finished reading data.exf
(PID.TID 0000.0001)  OBCS_READPARMS: opening data.obcs
(PID.TID 0000.0001)  OPEN_COPY_DATA_FILE: opening file data.obcs
(PID.TID 0000.0001) // =======================================================
(PID.TID 0000.0001) // Parameter file "data.obcs"
(PID.TID 0000.0001) // =======================================================
(PID.TID 0000.0001) ># ***************
(PID.TID 0000.0001) ># Open boundaries
(PID.TID 0000.0001) ># ***************
(PID.TID 0000.0001) > &OBCS_PARM01
(PID.TID 0000.0001) >OB_Jnorth = 1080*537, 540*0,
(PID.TID 0000.0001) >OB_Jsouth = 1080*8, 540*0,
(PID.TID 0000.0001) >OB_Ieast = 540*0, 1080*533,
(PID.TID 0000.0001) >OB_Iwest = 540*0, 1080*4,
(PID.TID 0000.0001) >#
(PID.TID 0000.0001) > useOBCSprescribe=.TRUE.,
(PID.TID 0000.0001) ># useOBCSsponge=.true.,
(PID.TID 0000.0001) > OBCS_monSelect = 3,
